% k-distance  Energy(eV)
0.000000  -16.634900
0.014434  -16.633900
0.028868  -16.630900
0.043301  -16.626900
0.057735  -16.620900
0.072169  -16.612900
0.086602  -16.602900
0.101036  -16.591900
0.115470  -16.579900
0.129904  -16.565900
0.144338  -16.549900
0.158771  -16.533900
0.173205  -16.516900
0.187639  -16.497900
0.202072  -16.478900
0.216506  -16.459900
0.230940  -16.438900
0.245374  -16.418900
0.259808  -16.397900
0.274242  -16.377900
0.288675  -16.356900
0.303109  -16.336900
0.317542  -16.316900
0.331976  -16.297900
0.346410  -16.279900
0.360844  -16.261900
0.375278  -16.244900
0.389712  -16.228900
0.404145  -16.213900
0.418579  -16.199900
0.433013  -16.186900
0.447446  -16.174900
0.461880  -16.164900
0.476314  -16.155900
0.490748  -16.147900
0.505182  -16.140900
0.519615  -16.134900
0.534049  -16.130900
0.548483  -16.127900
0.562916  -16.125900
0.577350  -16.124900
0.585683  -16.124900
0.594015  -16.124900
0.602348  -16.123900
0.610680  -16.123900
0.619013  -16.122900
0.627346  -16.122900
0.635677  -16.121900
0.644011  -16.120900
0.652343  -16.119900
0.660676  -16.118900
0.669008  -16.116900
0.677340  -16.115900
0.685673  -16.113900
0.694005  -16.112900
0.702338  -16.110900
0.710670  -16.109900
0.719003  -16.107900
0.727335  -16.105900
0.735667  -16.103900
0.744000  -16.101900
0.752333  -16.100900
0.760666  -16.098900
0.768998  -16.096900
0.777331  -16.094900
0.785663  -16.092900
0.793995  -16.090900
0.802328  -16.089900
0.810660  -16.087900
0.818993  -16.086900
0.827325  -16.084900
0.835658  -16.083900
0.843990  -16.081900
0.852324  -16.080900
0.860655  -16.079900
0.868988  -16.078900
0.877321  -16.077900
0.885652  -16.077900
0.893986  -16.076900
0.902318  -16.076900
0.910651  -16.076900
0.927316  -16.076900
0.943981  -16.078900
0.960646  -16.080900
0.977311  -16.083900
0.993976  -16.087900
1.010641  -16.092900
1.027306  -16.099900
1.043971  -16.106900
1.060636  -16.115900
1.077301  -16.125900
1.093966  -16.136900
1.110631  -16.148900
1.127296  -16.162900
1.143961  -16.177900
1.160626  -16.194900
1.177291  -16.212900
1.193957  -16.231900
1.210621  -16.251900
1.227286  -16.272900
1.243951  -16.293900
1.260616  -16.316900
1.277281  -16.339900
1.293947  -16.363900
1.310611  -16.387900
1.327276  -16.411900
1.343941  -16.435900
1.360606  -16.458900
1.377271  -16.481900
1.393937  -16.503900
1.410601  -16.524900
1.427266  -16.543900
1.443931  -16.561900
1.460597  -16.578900
1.477261  -16.592900
1.493926  -16.605900
1.510591  -16.615900
1.527256  -16.623900
1.543921  -16.629900
1.560587  -16.633900
1.577251  -16.634900

0.000000  -14.113900
0.014434  -14.113900
0.028868  -14.113900
0.043301  -14.113900
0.057735  -14.113900
0.072169  -14.113900
0.086602  -14.113900
0.101036  -14.112900
0.115470  -14.111900
0.129904  -14.109900
0.144338  -14.107900
0.158771  -14.105900
0.173205  -14.103900
0.187639  -14.100900
0.202072  -14.097900
0.216506  -14.094900
0.230940  -14.091900
0.245374  -14.088900
0.259808  -14.085900
0.274242  -14.081900
0.288675  -14.078900
0.303109  -14.075900
0.317542  -14.073900
0.331976  -14.070900
0.346410  -14.068900
0.360844  -14.066900
0.375278  -14.065900
0.389712  -14.063900
0.404145  -14.062900
0.418579  -14.062900
0.433013  -14.061900
0.447446  -14.061900
0.461880  -14.060900
0.476314  -14.060900
0.490748  -14.060900
0.505182  -14.060900
0.519615  -14.060900
0.534049  -14.060900
0.548483  -14.060900
0.562916  -14.060900
0.577350  -14.060900
0.585683  -14.060900
0.594015  -14.060900
0.602348  -14.060900
0.610680  -14.059900
0.619013  -14.058900
0.627346  -14.057900
0.635677  -14.056900
0.644011  -14.055900
0.652343  -14.054900
0.660676  -14.053900
0.669008  -14.051900
0.677340  -14.049900
0.685673  -14.047900
0.694005  -14.045900
0.702338  -14.043900
0.710670  -14.041900
0.719003  -14.039900
0.727335  -14.037900
0.735667  -14.034900
0.744000  -14.032900
0.752333  -14.030900
0.760666  -14.027900
0.768998  -14.025900
0.777331  -14.022900
0.785663  -14.020900
0.793995  -14.018900
0.802328  -14.015900
0.810660  -14.013900
0.818993  -14.012900
0.827325  -14.011900
0.835658  -14.012900
0.843990  -14.012900
0.852324  -14.012900
0.860655  -14.013900
0.868988  -14.013900
0.877321  -14.013900
0.885652  -14.013900
0.893986  -14.013900
0.902318  -14.013900
0.910651  -14.013900
0.927316  -14.013900
0.943981  -14.013900
0.960646  -14.013900
0.977311  -14.014900
0.993976  -14.016900
1.010641  -14.018900
1.027306  -14.020900
1.043971  -14.023900
1.060636  -14.026900
1.077301  -14.030900
1.093966  -14.033900
1.110631  -14.037900
1.127296  -14.041900
1.143961  -14.045900
1.160626  -14.049900
1.177291  -14.053900
1.193957  -14.058900
1.210621  -14.062900
1.227286  -14.066900
1.243951  -14.071900
1.260616  -14.075900
1.277281  -14.079900
1.293947  -14.083900
1.310611  -14.087900
1.327276  -14.091900
1.343941  -14.094900
1.360606  -14.097900
1.377271  -14.101900
1.393937  -14.103900
1.410601  -14.106900
1.427266  -14.108900
1.443931  -14.110900
1.460597  -14.111900
1.477261  -14.112900
1.493926  -14.113900
1.510591  -14.113900
1.527256  -14.113900
1.543921  -14.113900
1.560587  -14.113900
1.577251  -14.113900

0.000000  -14.113900
0.014434  -14.113900
0.028868  -14.112900
0.043301  -14.111900
0.057735  -14.109900
0.072169  -14.107900
0.086602  -14.105900
0.101036  -14.102900
0.115470  -14.098900
0.129904  -14.094900
0.144338  -14.090900
0.158771  -14.085900
0.173205  -14.081900
0.187639  -14.075900
0.202072  -14.070900
0.216506  -14.065900
0.230940  -14.059900
0.245374  -14.053900
0.259808  -14.048900
0.274242  -14.042900
0.288675  -14.037900
0.303109  -14.031900
0.317542  -14.026900
0.331976  -14.021900
0.346410  -14.016900
0.360844  -14.012900
0.375278  -14.008900
0.389712  -14.004900
0.404145  -14.001900
0.418579  -13.998900
0.433013  -13.995900
0.447446  -13.993900
0.461880  -13.991900
0.476314  -13.989900
0.490748  -13.988900
0.505182  -13.987900
0.519615  -13.986900
0.534049  -13.985900
0.548483  -13.984900
0.562916  -13.984900
0.577350  -13.984900
0.585683  -13.984900
0.594015  -13.984900
0.602348  -13.985900
0.610680  -13.985900
0.619013  -13.986900
0.627346  -13.986900
0.635677  -13.987900
0.644011  -13.988900
0.652343  -13.989900
0.660676  -13.990900
0.669008  -13.991900
0.677340  -13.993900
0.685673  -13.994900
0.694005  -13.995900
0.702338  -13.996900
0.710670  -13.998900
0.719003  -13.999900
0.727335  -14.000900
0.735667  -14.001900
0.744000  -14.002900
0.752333  -14.003900
0.760666  -14.004900
0.768998  -14.005900
0.777331  -14.006900
0.785663  -14.007900
0.793995  -14.008900
0.802328  -14.009900
0.810660  -14.009900
0.818993  -14.010900
0.827325  -14.009900
0.835658  -14.007900
0.843990  -14.006900
0.852324  -14.004900
0.860655  -14.003900
0.868988  -14.002900
0.877321  -14.001900
0.885652  -14.001900
0.893986  -14.001900
0.902318  -14.000900
0.910651  -14.000900
0.927316  -14.001900
0.943981  -14.001900
0.960646  -14.002900
0.977311  -14.002900
0.993976  -14.002900
1.010641  -14.002900
1.027306  -14.002900
1.043971  -14.001900
1.060636  -14.001900
1.077301  -14.001900
1.093966  -14.001900
1.110631  -14.001900
1.127296  -14.001900
1.143961  -14.002900
1.160626  -14.003900
1.177291  -14.004900
1.193957  -14.007900
1.210621  -14.009900
1.227286  -14.013900
1.243951  -14.017900
1.260616  -14.022900
1.277281  -14.027900
1.293947  -14.033900
1.310611  -14.040900
1.327276  -14.046900
1.343941  -14.053900
1.360606  -14.060900
1.377271  -14.067900
1.393937  -14.074900
1.410601  -14.081900
1.427266  -14.087900
1.443931  -14.092900
1.460597  -14.097900
1.477261  -14.101900
1.493926  -14.105900
1.510591  -14.108900
1.527256  -14.110900
1.543921  -14.112900
1.560587  -14.113900
1.577251  -14.113900

0.000000  -14.058900
0.014434  -14.057900
0.028868  -14.056900
0.043301  -14.053900
0.057735  -14.050900
0.072169  -14.046900
0.086602  -14.041900
0.101036  -14.036900
0.115470  -14.030900
0.129904  -14.024900
0.144338  -14.018900
0.158771  -14.013900
0.173205  -14.007900
0.187639  -14.001900
0.202072  -13.996900
0.216506  -13.992900
0.230940  -13.988900
0.245374  -13.985900
0.259808  -13.982900
0.274242  -13.980900
0.288675  -13.978900
0.303109  -13.976900
0.317542  -13.975900
0.331976  -13.973900
0.346410  -13.972900
0.360844  -13.970900
0.375278  -13.969900
0.389712  -13.968900
0.404145  -13.966900
0.418579  -13.965900
0.433013  -13.963900
0.447446  -13.962900
0.461880  -13.961900
0.476314  -13.960900
0.490748  -13.958900
0.505182  -13.957900
0.519615  -13.957900
0.534049  -13.956900
0.548483  -13.955900
0.562916  -13.955900
0.577350  -13.955900
0.585683  -13.955900
0.594015  -13.955900
0.602348  -13.955900
0.610680  -13.955900
0.619013  -13.955900
0.627346  -13.955900
0.635677  -13.954900
0.644011  -13.954900
0.652343  -13.954900
0.660676  -13.954900
0.669008  -13.954900
0.677340  -13.953900
0.685673  -13.953900
0.694005  -13.953900
0.702338  -13.953900
0.710670  -13.953900
0.719003  -13.953900
0.727335  -13.952900
0.735667  -13.952900
0.744000  -13.952900
0.752333  -13.952900
0.760666  -13.952900
0.768998  -13.951900
0.777331  -13.951900
0.785663  -13.951900
0.793995  -13.950900
0.802328  -13.949900
0.810660  -13.949900
0.818993  -13.948900
0.827325  -13.947900
0.835658  -13.946900
0.843990  -13.945900
0.852324  -13.944900
0.860655  -13.942900
0.868988  -13.941900
0.877321  -13.939900
0.885652  -13.937900
0.893986  -13.936900
0.902318  -13.935900
0.910651  -13.935900
0.927316  -13.936900
0.943981  -13.939900
0.960646  -13.943900
0.977311  -13.946900
0.993976  -13.950900
1.010641  -13.953900
1.027306  -13.956900
1.043971  -13.959900
1.060636  -13.961900
1.077301  -13.963900
1.093966  -13.965900
1.110631  -13.967900
1.127296  -13.968900
1.143961  -13.970900
1.160626  -13.971900
1.177291  -13.973900
1.193957  -13.974900
1.210621  -13.975900
1.227286  -13.976900
1.243951  -13.977900
1.260616  -13.978900
1.277281  -13.980900
1.293947  -13.981900
1.310611  -13.983900
1.327276  -13.986900
1.343941  -13.989900
1.360606  -13.993900
1.377271  -13.998900
1.393937  -14.004900
1.410601  -14.010900
1.427266  -14.016900
1.443931  -14.023900
1.460597  -14.030900
1.477261  -14.036900
1.493926  -14.042900
1.510591  -14.047900
1.527256  -14.052900
1.543921  -14.055900
1.560587  -14.057900
1.577251  -14.058900

0.000000  -13.882900
0.014434  -13.882900
0.028868  -13.882900
0.043301  -13.882900
0.057735  -13.882900
0.072169  -13.882900
0.086602  -13.882900
0.101036  -13.883900
0.115470  -13.883900
0.129904  -13.883900
0.144338  -13.883900
0.158771  -13.883900
0.173205  -13.883900
0.187639  -13.884900
0.202072  -13.884900
0.216506  -13.884900
0.230940  -13.883900
0.245374  -13.883900
0.259808  -13.883900
0.274242  -13.882900
0.288675  -13.882900
0.303109  -13.881900
0.317542  -13.880900
0.331976  -13.879900
0.346410  -13.877900
0.360844  -13.876900
0.375278  -13.874900
0.389712  -13.872900
0.404145  -13.871900
0.418579  -13.869900
0.433013  -13.867900
0.447446  -13.865900
0.461880  -13.863900
0.476314  -13.861900
0.490748  -13.859900
0.505182  -13.858900
0.519615  -13.856900
0.534049  -13.855900
0.548483  -13.854900
0.562916  -13.854900
0.577350  -13.854900
0.585683  -13.854900
0.594015  -13.854900
0.602348  -13.854900
0.610680  -13.855900
0.619013  -13.856900
0.627346  -13.856900
0.635677  -13.857900
0.644011  -13.858900
0.652343  -13.859900
0.660676  -13.861900
0.669008  -13.862900
0.677340  -13.864900
0.685673  -13.865900
0.694005  -13.867900
0.702338  -13.869900
0.710670  -13.871900
0.719003  -13.873900
0.727335  -13.875900
0.735667  -13.877900
0.744000  -13.879900
0.752333  -13.881900
0.760666  -13.883900
0.768998  -13.886900
0.777331  -13.888900
0.785663  -13.891900
0.793995  -13.893900
0.802328  -13.895900
0.810660  -13.898900
0.818993  -13.900900
0.827325  -13.903900
0.835658  -13.905900
0.843990  -13.908900
0.852324  -13.910900
0.860655  -13.913900
0.868988  -13.915900
0.877321  -13.917900
0.885652  -13.919900
0.893986  -13.921900
0.902318  -13.922900
0.910651  -13.923900
0.927316  -13.921900
0.943981  -13.917900
0.960646  -13.913900
0.977311  -13.909900
0.993976  -13.905900
1.010641  -13.901900
1.027306  -13.898900
1.043971  -13.895900
1.060636  -13.892900
1.077301  -13.890900
1.093966  -13.888900
1.110631  -13.887900
1.127296  -13.886900
1.143961  -13.886900
1.160626  -13.886900
1.177291  -13.885900
1.193957  -13.885900
1.210621  -13.886900
1.227286  -13.886900
1.243951  -13.886900
1.260616  -13.886900
1.277281  -13.886900
1.293947  -13.886900
1.310611  -13.886900
1.327276  -13.886900
1.343941  -13.885900
1.360606  -13.885900
1.377271  -13.885900
1.393937  -13.884900
1.410601  -13.884900
1.427266  -13.884900
1.443931  -13.883900
1.460597  -13.883900
1.477261  -13.883900
1.493926  -13.882900
1.510591  -13.882900
1.527256  -13.882900
1.543921  -13.882900
1.560587  -13.882900
1.577251  -13.882900

0.000000  -13.882900
0.014434  -13.882900
0.028868  -13.882900
0.043301  -13.881900
0.057735  -13.880900
0.072169  -13.879900
0.086602  -13.878900
0.101036  -13.876900
0.115470  -13.874900
0.129904  -13.871900
0.144338  -13.867900
0.158771  -13.862900
0.173205  -13.855900
0.187639  -13.847900
0.202072  -13.838900
0.216506  -13.826900
0.230940  -13.813900
0.245374  -13.797900
0.259808  -13.780900
0.274242  -13.760900
0.288675  -13.739900
0.303109  -13.716900
0.317542  -13.692900
0.331976  -13.666900
0.346410  -13.639900
0.360844  -13.611900
0.375278  -13.583900
0.389712  -13.554900
0.404145  -13.525900
0.418579  -13.497900
0.433013  -13.469900
0.447446  -13.443900
0.461880  -13.418900
0.476314  -13.395900
0.490748  -13.374900
0.505182  -13.355900
0.519615  -13.340900
0.534049  -13.327900
0.548483  -13.318900
0.562916  -13.313900
0.577350  -13.311900
0.585683  -13.311900
0.594015  -13.310900
0.602348  -13.309900
0.610680  -13.307900
0.619013  -13.305900
0.627346  -13.302900
0.635677  -13.300900
0.644011  -13.296900
0.652343  -13.292900
0.660676  -13.288900
0.669008  -13.284900
0.677340  -13.279900
0.685673  -13.274900
0.694005  -13.268900
0.702338  -13.263900
0.710670  -13.257900
0.719003  -13.251900
0.727335  -13.245900
0.735667  -13.238900
0.744000  -13.232900
0.752333  -13.225900
0.760666  -13.219900
0.768998  -13.212900
0.777331  -13.206900
0.785663  -13.200900
0.793995  -13.193900
0.802328  -13.187900
0.810660  -13.181900
0.818993  -13.176900
0.827325  -13.170900
0.835658  -13.165900
0.843990  -13.161900
0.852324  -13.157900
0.860655  -13.153900
0.868988  -13.149900
0.877321  -13.147900
0.885652  -13.144900
0.893986  -13.143900
0.902318  -13.142900
0.910651  -13.141900
0.927316  -13.143900
0.943981  -13.147900
0.960646  -13.155900
0.977311  -13.166900
0.993976  -13.180900
1.010641  -13.198900
1.027306  -13.219900
1.043971  -13.243900
1.060636  -13.270900
1.077301  -13.300900
1.093966  -13.332900
1.110631  -13.366900
1.127296  -13.401900
1.143961  -13.438900
1.160626  -13.475900
1.177291  -13.512900
1.193957  -13.549900
1.210621  -13.585900
1.227286  -13.620900
1.243951  -13.654900
1.260616  -13.685900
1.277281  -13.715900
1.293947  -13.742900
1.310611  -13.767900
1.327276  -13.789900
1.343941  -13.808900
1.360606  -13.824900
1.377271  -13.838900
1.393937  -13.849900
1.410601  -13.858900
1.427266  -13.865900
1.443931  -13.870900
1.460597  -13.874900
1.477261  -13.876900
1.493926  -13.878900
1.510591  -13.880900
1.527256  -13.881900
1.543921  -13.881900
1.560587  -13.882900
1.577251  -13.882900

0.000000  -8.120900
0.014434  -8.119900
0.028868  -8.115900
0.043301  -8.108900
0.057735  -8.099900
0.072169  -8.087900
0.086602  -8.072900
0.101036  -8.055900
0.115470  -8.036900
0.129904  -8.014900
0.144338  -7.990900
0.158771  -7.964900
0.173205  -7.935900
0.187639  -7.905900
0.202072  -7.873900
0.216506  -7.839900
0.230940  -7.803900
0.245374  -7.766900
0.259808  -7.728900
0.274242  -7.688900
0.288675  -7.647900
0.303109  -7.606900
0.317542  -7.564900
0.331976  -7.522900
0.346410  -7.479900
0.360844  -7.436900
0.375278  -7.394900
0.389712  -7.352900
0.404145  -7.310900
0.418579  -7.269900
0.433013  -7.229900
0.447446  -7.190900
0.461880  -7.153900
0.476314  -7.117900
0.490748  -7.083900
0.505182  -7.052900
0.519615  -7.024900
0.534049  -7.001900
0.548483  -6.983900
0.562916  -6.972900
0.577350  -6.968900
0.585683  -6.967900
0.594015  -6.966900
0.602348  -6.963900
0.610680  -6.960900
0.619013  -6.955900
0.627346  -6.950900
0.635677  -6.944900
0.644011  -6.936900
0.652343  -6.928900
0.660676  -6.919900
0.669008  -6.909900
0.677340  -6.898900
0.685673  -6.886900
0.694005  -6.874900
0.702338  -6.860900
0.710670  -6.846900
0.719003  -6.831900
0.727335  -6.816900
0.735667  -6.800900
0.744000  -6.783900
0.752333  -6.766900
0.760666  -6.748900
0.768998  -6.730900
0.777331  -6.712900
0.785663  -6.693900
0.793995  -6.675900
0.802328  -6.656900
0.810660  -6.637900
0.818993  -6.618900
0.827325  -6.600900
0.835658  -6.582900
0.843990  -6.565900
0.852324  -6.548900
0.860655  -6.533900
0.868988  -6.519900
0.877321  -6.507900
0.885652  -6.496900
0.893986  -6.488900
0.902318  -6.483900
0.910651  -6.481900
0.927316  -6.489900
0.943981  -6.512900
0.960646  -6.550900
0.977311  -6.598900
0.993976  -6.653900
1.010641  -6.713900
1.027306  -6.775900
1.043971  -6.837900
1.060636  -6.898900
1.077301  -6.959900
1.093966  -7.018900
1.110631  -7.077900
1.127296  -7.134900
1.143961  -7.190900
1.160626  -7.246900
1.177291  -7.300900
1.193957  -7.354900
1.210621  -7.407900
1.227286  -7.460900
1.243951  -7.512900
1.260616  -7.562900
1.277281  -7.612900
1.293947  -7.660900
1.310611  -7.708900
1.327276  -7.753900
1.343941  -7.796900
1.360606  -7.838900
1.377271  -7.877900
1.393937  -7.914900
1.410601  -7.948900
1.427266  -7.980900
1.443931  -8.009900
1.460597  -8.034900
1.477261  -8.057900
1.493926  -8.076900
1.510591  -8.092900
1.527256  -8.104900
1.543921  -8.113900
1.560587  -8.118900
1.577251  -8.120900

0.000000  -3.215900
0.014434  -3.215900
0.028868  -3.213900
0.043301  -3.211900
0.057735  -3.208900
0.072169  -3.205900
0.086602  -3.202900
0.101036  -3.200900
0.115470  -3.200900
0.129904  -3.205900
0.144338  -3.217900
0.158771  -3.239900
0.173205  -3.278900
0.187639  -3.338900
0.202072  -3.421900
0.216506  -3.527900
0.230940  -3.649900
0.245374  -3.785900
0.259808  -3.927900
0.274242  -4.075900
0.288675  -4.225900
0.303109  -4.376900
0.317542  -4.525900
0.331976  -4.674900
0.346410  -4.819900
0.360844  -4.961900
0.375278  -5.099900
0.389712  -5.232900
0.404145  -5.360900
0.418579  -5.481900
0.433013  -5.597900
0.447446  -5.705900
0.461880  -5.805900
0.476314  -5.897900
0.490748  -5.980900
0.505182  -6.054900
0.519615  -6.117900
0.534049  -6.167900
0.548483  -6.205900
0.562916  -6.228900
0.577350  -6.236900
0.585683  -6.236900
0.594015  -6.235900
0.602348  -6.233900
0.610680  -6.231900
0.619013  -6.228900
0.627346  -6.224900
0.635677  -6.220900
0.644011  -6.215900
0.652343  -6.209900
0.660676  -6.202900
0.669008  -6.196900
0.677340  -6.188900
0.685673  -6.180900
0.694005  -6.171900
0.702338  -6.162900
0.710670  -6.152900
0.719003  -6.142900
0.727335  -6.132900
0.735667  -6.121900
0.744000  -6.109900
0.752333  -6.098900
0.760666  -6.086900
0.768998  -6.075900
0.777331  -6.063900
0.785663  -6.051900
0.793995  -6.040900
0.802328  -6.029900
0.810660  -6.019900
0.818993  -6.010900
0.827325  -6.001900
0.835658  -5.993900
0.843990  -5.987900
0.852324  -5.982900
0.860655  -5.979900
0.868988  -5.976900
0.877321  -5.976900
0.885652  -5.976900
0.893986  -5.976900
0.902318  -5.977900
0.910651  -5.978900
0.927316  -5.975900
0.943981  -5.964900
0.960646  -5.943900
0.977311  -5.913900
0.993976  -5.875900
1.010641  -5.829900
1.027306  -5.777900
1.043971  -5.718900
1.060636  -5.654900
1.077301  -5.583900
1.093966  -5.505900
1.110631  -5.421900
1.127296  -5.329900
1.143961  -5.231900
1.160626  -5.125900
1.177291  -5.012900
1.193957  -4.891900
1.210621  -4.765900
1.227286  -4.631900
1.243951  -4.492900
1.260616  -4.349900
1.277281  -4.202900
1.293947  -4.052900
1.310611  -3.903900
1.327276  -3.756900
1.343941  -3.617900
1.360606  -3.491900
1.377271  -3.385900
1.393937  -3.305900
1.410601  -3.252900
1.427266  -3.222900
1.443931  -3.206900
1.460597  -3.200900
1.477261  -3.200900
1.493926  -3.202900
1.510591  -3.206900
1.527256  -3.210900
1.543921  -3.213900
1.560587  -3.215900
1.577251  -3.215900

0.000000  -1.496900
0.014434  -1.506900
0.028868  -1.538900
0.043301  -1.590900
0.057735  -1.659900
0.072169  -1.744900
0.086602  -1.842900
0.101036  -1.949900
0.115470  -2.063900
0.129904  -2.180900
0.144338  -2.296900
0.158771  -2.405900
0.173205  -2.501900
0.187639  -2.578900
0.202072  -2.633900
0.216506  -2.666900
0.230940  -2.681900
0.245374  -2.684900
0.259808  -2.678900
0.274242  -2.665900
0.288675  -2.648900
0.303109  -2.629900
0.317542  -2.607900
0.331976  -2.583900
0.346410  -2.559900
0.360844  -2.535900
0.375278  -2.511900
0.389712  -2.488900
0.404145  -2.472900
0.418579  -2.506900
0.433013  -2.537900
0.447446  -2.567900
0.461880  -2.593900
0.476314  -2.616900
0.490748  -2.637900
0.505182  -2.655900
0.519615  -2.669900
0.534049  -2.681900
0.548483  -2.689900
0.562916  -2.694900
0.577350  -2.695900
0.585683  -2.699900
0.594015  -2.710900
0.602348  -2.729900
0.610680  -2.754900
0.619013  -2.786900
0.627346  -2.823900
0.635677  -2.865900
0.644011  -2.912900
0.652343  -2.964900
0.660676  -3.019900
0.669008  -3.078900
0.677340  -3.139900
0.685673  -3.204900
0.694005  -3.271900
0.702338  -3.340900
0.710670  -3.411900
0.719003  -3.484900
0.727335  -3.557900
0.735667  -3.631900
0.744000  -3.705900
0.752333  -3.780900
0.760666  -3.853900
0.768998  -3.927900
0.777331  -3.999900
0.785663  -4.069900
0.793995  -4.138900
0.802328  -4.205900
0.810660  -4.268900
0.818993  -4.329900
0.827325  -4.386900
0.835658  -4.440900
0.843990  -4.488900
0.852324  -4.532900
0.860655  -4.571900
0.868988  -4.604900
0.877321  -4.632900
0.885652  -4.653900
0.893986  -4.668900
0.902318  -4.677900
0.910651  -4.680900
0.927316  -4.669900
0.943981  -4.637900
0.960646  -4.587900
0.977311  -4.522900
0.993976  -4.444900
1.010641  -4.356900
1.027306  -4.260900
1.043971  -4.156900
1.060636  -4.046900
1.077301  -3.932900
1.093966  -3.814900
1.110631  -3.693900
1.127296  -3.570900
1.143961  -3.446900
1.160626  -3.322900
1.177291  -3.199900
1.193957  -3.079900
1.210621  -2.961900
1.227286  -2.850900
1.243951  -2.752900
1.260616  -2.682900
1.277281  -2.654900
1.293947  -2.655900
1.310611  -2.663900
1.327276  -2.668900
1.343941  -2.664900
1.360606  -2.644900
1.377271  -2.603900
1.393937  -2.535900
1.410601  -2.440900
1.427266  -2.325900
1.443931  -2.197900
1.460597  -2.066900
1.477261  -1.937900
1.493926  -1.817900
1.510591  -1.709900
1.527256  -1.620900
1.543921  -1.552900
1.560587  -1.510900
1.577251  -1.496900

0.000000  -1.496900
0.014434  -1.498900
0.028868  -1.504900
0.043301  -1.515900
0.057735  -1.529900
0.072169  -1.548900
0.086602  -1.570900
0.101036  -1.596900
0.115470  -1.625900
0.129904  -1.658900
0.144338  -1.693900
0.158771  -1.731900
0.173205  -1.771900
0.187639  -1.813900
0.202072  -1.856900
0.216506  -1.901900
0.230940  -1.947900
0.245374  -1.994900
0.259808  -2.041900
0.274242  -2.088900
0.288675  -2.135900
0.303109  -2.181900
0.317542  -2.227900
0.331976  -2.271900
0.346410  -2.315900
0.360844  -2.357900
0.375278  -2.397900
0.389712  -2.435900
0.404145  -2.465900
0.418579  -2.443900
0.433013  -2.422900
0.447446  -2.403900
0.461880  -2.385900
0.476314  -2.369900
0.490748  -2.355900
0.505182  -2.343900
0.519615  -2.333900
0.534049  -2.326900
0.548483  -2.320900
0.562916  -2.317900
0.577350  -2.316900
0.585683  -2.315900
0.594015  -2.312900
0.602348  -2.307900
0.610680  -2.301900
0.619013  -2.294900
0.627346  -2.286900
0.635677  -2.278900
0.644011  -2.270900
0.652343  -2.262900
0.660676  -2.253900
0.669008  -2.245900
0.677340  -2.236900
0.685673  -2.228900
0.694005  -2.219900
0.702338  -2.211900
0.710670  -2.202900
0.719003  -2.194900
0.727335  -2.186900
0.735667  -2.177900
0.744000  -2.169900
0.752333  -2.161900
0.760666  -2.153900
0.768998  -2.145900
0.777331  -2.137900
0.785663  -2.129900
0.793995  -2.122900
0.802328  -2.115900
0.810660  -2.108900
0.818993  -2.102900
0.827325  -2.096900
0.835658  -2.090900
0.843990  -2.085900
0.852324  -2.080900
0.860655  -2.076900
0.868988  -2.073900
0.877321  -2.070900
0.885652  -2.067900
0.893986  -2.066900
0.902318  -2.064900
0.910651  -2.064900
0.927316  -2.066900
0.943981  -2.070900
0.960646  -2.077900
0.977311  -2.088900
0.993976  -2.101900
1.010641  -2.117900
1.027306  -2.136900
1.043971  -2.157900
1.060636  -2.180900
1.077301  -2.206900
1.093966  -2.233900
1.110631  -2.262900
1.127296  -2.292900
1.143961  -2.323900
1.160626  -2.354900
1.177291  -2.386900
1.193957  -2.416900
1.210621  -2.445900
1.227286  -2.469900
1.243951  -2.482900
1.260616  -2.469900
1.277281  -2.415900
1.293947  -2.334900
1.310611  -2.245900
1.327276  -2.157900
1.343941  -2.073900
1.360606  -1.993900
1.377271  -1.918900
1.393937  -1.850900
1.410601  -1.787900
1.427266  -1.731900
1.443931  -1.681900
1.460597  -1.637900
1.477261  -1.599900
1.493926  -1.567900
1.510591  -1.541900
1.527256  -1.521900
1.543921  -1.507900
1.560587  -1.499900
1.577251  -1.496900

0.000000  1.496100
0.014434  1.503100
0.028868  1.520100
0.043301  1.549100
0.057735  1.587100
0.072169  1.634100
0.086602  1.687100
0.101036  1.745100
0.115470  1.808100
0.129904  1.874100
0.144338  1.943100
0.158771  2.016100
0.173205  2.091100
0.187639  2.168100
0.202072  2.248100
0.216506  2.331100
0.230940  2.416100
0.245374  2.503100
0.259808  2.593100
0.274242  2.685100
0.288675  2.778100
0.303109  2.872100
0.317542  2.968100
0.331976  3.062100
0.346410  3.156100
0.360844  3.247100
0.375278  3.333100
0.389712  3.413100
0.404145  3.484100
0.418579  3.544100
0.433013  3.591100
0.447446  3.626100
0.461880  3.649100
0.476314  3.662100
0.490748  3.668100
0.505182  3.668100
0.519615  3.665100
0.534049  3.662100
0.548483  3.658100
0.562916  3.655100
0.577350  3.655100
0.585683  3.657100
0.594015  3.665100
0.602348  3.677100
0.610680  3.694100
0.619013  3.716100
0.627346  3.742100
0.635677  3.772100
0.644011  3.806100
0.652343  3.843100
0.660676  3.883100
0.669008  3.926100
0.677340  3.972100
0.685673  4.019100
0.694005  4.068100
0.702338  4.118100
0.710670  4.169100
0.719003  4.221100
0.727335  4.273100
0.735667  4.326100
0.744000  4.378100
0.752333  4.430100
0.760666  4.482100
0.768998  4.533100
0.777331  4.583100
0.785663  4.632100
0.793995  4.679100
0.802328  4.725100
0.810660  4.768100
0.818993  4.809100
0.827325  4.848100
0.835658  4.883100
0.843990  4.915100
0.852324  4.943100
0.860655  4.967100
0.868988  4.986100
0.877321  5.002100
0.885652  5.013100
0.893986  5.020100
0.902318  5.024100
0.910651  5.026100
0.927316  5.022100
0.943981  5.014100
0.960646  5.007100
0.977311  5.002100
0.993976  5.002100
1.010641  5.005100
1.027306  5.007100
1.043971  4.981100
1.060636  4.875100
1.077301  4.722100
1.093966  4.558100
1.110631  4.391100
1.127296  4.226100
1.143961  4.063100
1.160626  3.903100
1.177291  3.748100
1.193957  3.596100
1.210621  3.450100
1.227286  3.307100
1.243951  3.170100
1.260616  3.038100
1.277281  2.910100
1.293947  2.788100
1.310611  2.670100
1.327276  2.557100
1.343941  2.449100
1.360606  2.346100
1.377271  2.246100
1.393937  2.152100
1.410601  2.061100
1.427266  1.974100
1.443931  1.892100
1.460597  1.814100
1.477261  1.741100
1.493926  1.674100
1.510591  1.615100
1.527256  1.566100
1.543921  1.528100
1.560587  1.505100
1.577251  1.496100

0.000000  3.045100
0.014434  3.051100
0.028868  3.068100
0.043301  3.097100
0.057735  3.137100
0.072169  3.188100
0.086602  3.247100
0.101036  3.315100
0.115470  3.391100
0.129904  3.472100
0.144338  3.559100
0.158771  3.650100
0.173205  3.745100
0.187639  3.842100
0.202072  3.940100
0.216506  4.040100
0.230940  4.141100
0.245374  4.241100
0.259808  4.340100
0.274242  4.437100
0.288675  4.528100
0.303109  4.613100
0.317542  4.688100
0.331976  4.750100
0.346410  4.797100
0.360844  4.828100
0.375278  4.849100
0.389712  4.865100
0.404145  4.883100
0.418579  4.908100
0.433013  4.946100
0.447446  4.998100
0.461880  5.065100
0.476314  5.145100
0.490748  5.233100
0.505182  5.324100
0.519615  5.411100
0.534049  5.485100
0.548483  5.539100
0.562916  5.571100
0.577350  5.582100
0.585683  5.583100
0.594015  5.586100
0.602348  5.592100
0.610680  5.599100
0.619013  5.609100
0.627346  5.621100
0.635677  5.635100
0.644011  5.650100
0.652343  5.668100
0.660676  5.686100
0.669008  5.707100
0.677340  5.728100
0.685673  5.751100
0.694005  5.774100
0.702338  5.797100
0.710670  5.820100
0.719003  5.843100
0.727335  5.865100
0.735667  5.886100
0.744000  5.905100
0.752333  5.921100
0.760666  5.935100
0.768998  5.946100
0.777331  5.953100
0.785663  5.957100
0.793995  5.958100
0.802328  5.956100
0.810660  5.951100
0.818993  5.945100
0.827325  5.937100
0.835658  5.930100
0.843990  5.922100
0.852324  5.916100
0.860655  5.912100
0.868988  5.910100
0.877321  5.909100
0.885652  5.911100
0.893986  5.913100
0.902318  5.916100
0.910651  5.917100
0.927316  5.909100
0.943981  5.877100
0.960646  5.812100
0.977311  5.714100
0.993976  5.589100
1.010641  5.447100
1.027306  5.301100
1.043971  5.185100
1.060636  5.151100
1.077301  5.173100
1.093966  5.213100
1.110631  5.263100
1.127296  5.319100
1.143961  5.378100
1.160626  5.430100
1.177291  5.458100
1.193957  5.424100
1.210621  5.322100
1.227286  5.188100
1.243951  5.043100
1.260616  4.896100
1.277281  4.751100
1.293947  4.607100
1.310611  4.468100
1.327276  4.331100
1.343941  4.199100
1.360606  4.070100
1.377271  3.945100
1.393937  3.825100
1.410601  3.709100
1.427266  3.599100
1.443931  3.495100
1.460597  3.398100
1.477261  3.311100
1.493926  3.233100
1.510591  3.167100
1.527256  3.115100
1.543921  3.076100
1.560587  3.053100
1.577251  3.045100

0.000000  4.219100
0.014434  4.222100
0.028868  4.233100
0.043301  4.250100
0.057735  4.273100
0.072169  4.304100
0.086602  4.341100
0.101036  4.384100
0.115470  4.433100
0.129904  4.488100
0.144338  4.548100
0.158771  4.613100
0.173205  4.682100
0.187639  4.755100
0.202072  4.830100
0.216506  4.908100
0.230940  4.988100
0.245374  5.069100
0.259808  5.151100
0.274242  5.233100
0.288675  5.316100
0.303109  5.399100
0.317542  5.484100
0.331976  5.570100
0.346410  5.656100
0.360844  5.732100
0.375278  5.777100
0.389712  5.804100
0.404145  5.827100
0.418579  5.848100
0.433013  5.868100
0.447446  5.886100
0.461880  5.903100
0.476314  5.920100
0.490748  5.940100
0.505182  5.967100
0.519615  6.005100
0.534049  6.062100
0.548483  6.140100
0.562916  6.237100
0.577350  6.307100
0.585683  6.307100
0.594015  6.309100
0.602348  6.312100
0.610680  6.315100
0.619013  6.320100
0.627346  6.326100
0.635677  6.333100
0.644011  6.341100
0.652343  6.349100
0.660676  6.359100
0.669008  6.369100
0.677340  6.380100
0.685673  6.392100
0.694005  6.404100
0.702338  6.417100
0.710670  6.432100
0.719003  6.447100
0.727335  6.463100
0.735667  6.480100
0.744000  6.499100
0.752333  6.520100
0.760666  6.542100
0.768998  6.566100
0.777331  6.593100
0.785663  6.622100
0.793995  6.653100
0.802328  6.686100
0.810660  6.721100
0.818993  6.758100
0.827325  6.796100
0.835658  6.835100
0.843990  6.874100
0.852324  6.913100
0.860655  6.951100
0.868988  6.986100
0.877321  7.017100
0.885652  7.044100
0.893986  7.064100
0.902318  7.076100
0.910651  7.080100
0.927316  7.067100
0.943981  7.043100
0.960646  7.021100
0.977311  6.998100
0.993976  6.961100
1.010641  6.908100
1.027306  6.843100
1.043971  6.769100
1.060636  6.687100
1.077301  6.598100
1.093966  6.504100
1.110631  6.401100
1.127296  6.285100
1.143961  6.152100
1.160626  6.016100
1.177291  5.905100
1.193957  5.859100
1.210621  5.851100
1.227286  5.753100
1.243951  5.648100
1.260616  5.541100
1.277281  5.435100
1.293947  5.329100
1.310611  5.224100
1.327276  5.121100
1.343941  5.020100
1.360606  4.922100
1.377271  4.828100
1.393937  4.738100
1.410601  4.653100
1.427266  4.574100
1.443931  4.502100
1.460597  4.438100
1.477261  4.381100
1.493926  4.332100
1.510591  4.291100
1.527256  4.260100
1.543921  4.237100
1.560587  4.223100
1.577251  4.219100

0.000000  5.385100
0.014434  5.388100
0.028868  5.397100
0.043301  5.413100
0.057735  5.435100
0.072169  5.463100
0.086602  5.498100
0.101036  5.538100
0.115470  5.584100
0.129904  5.635100
0.144338  5.691100
0.158771  5.751100
0.173205  5.814100
0.187639  5.877100
0.202072  5.939100
0.216506  5.994100
0.230940  6.037100
0.245374  6.060100
0.259808  6.058100
0.274242  6.030100
0.288675  5.985100
0.303109  5.935100
0.317542  5.888100
0.331976  5.855100
0.346410  5.841100
0.360844  5.861100
0.375278  5.933100
0.389712  6.041100
0.404145  6.167100
0.418579  6.305100
0.433013  6.452100
0.447446  6.606100
0.461880  6.765100
0.476314  6.925100
0.490748  7.065100
0.505182  7.073100
0.519615  6.958100
0.534049  6.818100
0.548483  6.674100
0.562916  6.539100
0.577350  6.456100
0.585683  6.457100
0.594015  6.460100
0.602348  6.465100
0.610680  6.473100
0.619013  6.482100
0.627346  6.494100
0.635677  6.507100
0.644011  6.523100
0.652343  6.541100
0.660676  6.560100
0.669008  6.582100
0.677340  6.605100
0.685673  6.630100
0.694005  6.656100
0.702338  6.683100
0.710670  6.712100
0.719003  6.741100
0.727335  6.771100
0.735667  6.801100
0.744000  6.831100
0.752333  6.862100
0.760666  6.891100
0.768998  6.920100
0.777331  6.948100
0.785663  6.976100
0.793995  7.002100
0.802328  7.027100
0.810660  7.051100
0.818993  7.073100
0.827325  7.094100
0.835658  7.114100
0.843990  7.132100
0.852324  7.149100
0.860655  7.164100
0.868988  7.177100
0.877321  7.188100
0.885652  7.197100
0.893986  7.203100
0.902318  7.207100
0.910651  7.209100
0.927316  7.204100
0.943981  7.194100
0.960646  7.185100
0.977311  7.192100
0.993976  7.221100
1.010641  7.258100
1.027306  7.267100
1.043971  7.210100
1.060636  7.090100
1.077301  6.936100
1.093966  6.768100
1.110631  6.600100
1.127296  6.442100
1.143961  6.306100
1.160626  6.187100
1.177291  6.077100
1.193957  5.972100
1.210621  5.906100
1.227286  5.973100
1.243951  6.068100
1.260616  6.173100
1.277281  6.278100
1.293947  6.353100
1.310611  6.332100
1.327276  6.250100
1.343941  6.154100
1.360606  6.058100
1.377271  5.965100
1.393937  5.877100
1.410601  5.795100
1.427266  5.719100
1.443931  5.650100
1.460597  5.589100
1.477261  5.535100
1.493926  5.489100
1.510591  5.452100
1.527256  5.423100
1.543921  5.402100
1.560587  5.389100
1.577251  5.385100

0.000000  6.453100
0.014434  6.456100
0.028868  6.464100
0.043301  6.477100
0.057735  6.495100
0.072169  6.519100
0.086602  6.548100
0.101036  6.582100
0.115470  6.620100
0.129904  6.664100
0.144338  6.711100
0.158771  6.763100
0.173205  6.818100
0.187639  6.874100
0.202072  6.927100
0.216506  6.958100
0.230940  6.941100
0.245374  6.905100
0.259808  6.888100
0.274242  6.902100
0.288675  6.943100
0.303109  7.003100
0.317542  7.073100
0.331976  7.149100
0.346410  7.225100
0.360844  7.297100
0.375278  7.362100
0.389712  7.418100
0.404145  7.462100
0.418579  7.491100
0.433013  7.502100
0.447446  7.489100
0.461880  7.447100
0.476314  7.378100
0.490748  7.304100
0.505182  7.343100
0.519615  7.491100
0.534049  7.650100
0.548483  7.790100
0.562916  7.884100
0.577350  7.916100
0.585683  7.917100
0.594015  7.919100
0.602348  7.923100
0.610680  7.928100
0.619013  7.935100
0.627346  7.944100
0.635677  7.953100
0.644011  7.964100
0.652343  7.976100
0.660676  7.988100
0.669008  8.001100
0.677340  8.014100
0.685673  8.027100
0.694005  8.038100
0.702338  8.046100
0.710670  8.050100
0.719003  8.048100
0.727335  8.039100
0.735667  8.023100
0.744000  8.000100
0.752333  7.972100
0.760666  7.942100
0.768998  7.912100
0.777331  7.883100
0.785663  7.857100
0.793995  7.833100
0.802328  7.813100
0.810660  7.797100
0.818993  7.783100
0.827325  7.773100
0.835658  7.766100
0.843990  7.762100
0.852324  7.759100
0.860655  7.759100
0.868988  7.760100
0.877321  7.763100
0.885652  7.767100
0.893986  7.771100
0.902318  7.774100
0.910651  7.775100
0.927316  7.774100
0.943981  7.773100
0.960646  7.771100
0.977311  7.761100
0.993976  7.742100
1.010641  7.718100
1.027306  7.710100
1.043971  7.749100
1.060636  7.834100
1.077301  7.927100
1.093966  7.858100
1.110631  7.771100
1.127296  7.678100
1.143961  7.578100
1.160626  7.472100
1.177291  7.360100
1.193957  7.244100
1.210621  7.126100
1.227286  7.007100
1.243951  6.889100
1.260616  6.775100
1.277281  6.674100
1.293947  6.613100
1.310611  6.658100
1.327276  6.770100
1.343941  6.892100
1.360606  6.958100
1.377271  6.923100
1.393937  6.859100
1.410601  6.793100
1.427266  6.732100
1.443931  6.675100
1.460597  6.624100
1.477261  6.579100
1.493926  6.541100
1.510591  6.509100
1.527256  6.485100
1.543921  6.467100
1.560587  6.457100
1.577251  6.453100

0.000000  6.921100
0.014434  6.924100
0.028868  6.932100
0.043301  6.945100
0.057735  6.963100
0.072169  6.986100
0.086602  7.014100
0.101036  7.047100
0.115470  7.083100
0.129904  7.123100
0.144338  7.164100
0.158771  7.203100
0.173205  7.229100
0.187639  7.228100
0.202072  7.190100
0.216506  7.151100
0.230940  7.165100
0.245374  7.222100
0.259808  7.297100
0.274242  7.380100
0.288675  7.469100
0.303109  7.563100
0.317542  7.661100
0.331976  7.765100
0.346410  7.874100
0.360844  7.988100
0.375278  8.107100
0.389712  8.230100
0.404145  8.352100
0.418579  8.427100
0.433013  8.383100
0.447446  8.308100
0.461880  8.241100
0.476314  8.193100
0.490748  8.168100
0.505182  8.160100
0.519615  8.168100
0.534049  8.191100
0.548483  8.237100
0.562916  8.318100
0.577350  8.389100
0.585683  8.390100
0.594015  8.391100
0.602348  8.394100
0.610680  8.397100
0.619013  8.402100
0.627346  8.407100
0.635677  8.412100
0.644011  8.418100
0.652343  8.423100
0.660676  8.428100
0.669008  8.432100
0.677340  8.434100
0.685673  8.433100
0.694005  8.429100
0.702338  8.423100
0.710670  8.414100
0.719003  8.406100
0.727335  8.401100
0.735667  8.400100
0.744000  8.404100
0.752333  8.412100
0.760666  8.422100
0.768998  8.432100
0.777331  8.440100
0.785663  8.444100
0.793995  8.441100
0.802328  8.430100
0.810660  8.410100
0.818993  8.379100
0.827325  8.339100
0.835658  8.291100
0.843990  8.236100
0.852324  8.178100
0.860655  8.118100
0.868988  8.058100
0.877321  8.003100
0.885652  7.954100
0.893986  7.916100
0.902318  7.891100
0.910651  7.882100
0.927316  7.912100
0.943981  7.984100
0.960646  8.084100
0.977311  8.202100
0.993976  8.329100
1.010641  8.393100
1.027306  8.245100
1.043971  8.127100
1.060636  8.031100
1.077301  7.961100
1.093966  8.066100
1.110631  8.182100
1.127296  8.283100
1.143961  8.340100
1.160626  8.318100
1.177291  8.232100
1.193957  8.121100
1.210621  8.001100
1.227286  7.881100
1.243951  7.762100
1.260616  7.647100
1.277281  7.536100
1.293947  7.430100
1.310611  7.330100
1.327276  7.239100
1.343941  7.165100
1.360606  7.154100
1.377271  7.226100
1.393937  7.261100
1.410601  7.235100
1.427266  7.187100
1.443931  7.136100
1.460597  7.088100
1.477261  7.044100
1.493926  7.007100
1.510591  6.976100
1.527256  6.952100
1.543921  6.935100
1.560587  6.925100
1.577251  6.921100

0.000000  8.445100
0.014434  8.445100
0.028868  8.442100
0.043301  8.436100
0.057735  8.424100
0.072169  8.400100
0.086602  8.358100
0.101036  8.290100
0.115470  8.195100
0.129904  8.078100
0.144338  7.950100
0.158771  7.822100
0.173205  7.711100
0.187639  7.641100
0.202072  7.628100
0.216506  7.662100
0.230940  7.722100
0.245374  7.796100
0.259808  7.878100
0.274242  7.965100
0.288675  8.055100
0.303109  8.145100
0.317542  8.235100
0.331976  8.321100
0.346410  8.401100
0.360844  8.472100
0.375278  8.527100
0.389712  8.556100
0.404145  8.553100
0.418579  8.566100
0.433013  8.679100
0.447446  8.825100
0.461880  8.980100
0.476314  9.143100
0.490748  9.310100
0.505182  9.451100
0.519615  9.304100
0.534049  9.099100
0.548483  8.896100
0.562916  8.710100
0.577350  8.605100
0.585683  8.605100
0.594015  8.608100
0.602348  8.611100
0.610680  8.616100
0.619013  8.623100
0.627346  8.631100
0.635677  8.641100
0.644011  8.651100
0.652343  8.664100
0.660676  8.677100
0.669008  8.692100
0.677340  8.708100
0.685673  8.724100
0.694005  8.742100
0.702338  8.761100
0.710670  8.781100
0.719003  8.802100
0.727335  8.825100
0.735667  8.849100
0.744000  8.875100
0.752333  8.904100
0.760666  8.935100
0.768998  8.968100
0.777331  9.003100
0.785663  9.036100
0.793995  9.053100
0.802328  9.067100
0.810660  9.085100
0.818993  9.107100
0.827325  9.134100
0.835658  9.165100
0.843990  9.200100
0.852324  9.239100
0.860655  9.280100
0.868988  9.324100
0.877321  9.368100
0.885652  9.411100
0.893986  9.451100
0.902318  9.484100
0.910651  9.498100
0.927316  9.414100
0.943981  9.215100
0.960646  8.993100
0.977311  8.775100
0.993976  8.572100
1.010641  8.462100
1.027306  8.594100
1.043971  8.721100
1.060636  8.833100
1.077301  8.915100
1.093966  8.939100
1.110631  8.891100
1.127296  8.810100
1.143961  8.747100
1.160626  8.737100
1.177291  8.732100
1.193957  8.666100
1.210621  8.559100
1.227286  8.441100
1.243951  8.320100
1.260616  8.199100
1.277281  8.082100
1.293947  7.969100
1.310611  7.862100
1.327276  7.763100
1.343941  7.673100
1.360606  7.601100
1.377271  7.566100
1.393937  7.614100
1.410601  7.740100
1.427266  7.894100
1.443931  8.048100
1.460597  8.187100
1.477261  8.297100
1.493926  8.370100
1.510591  8.411100
1.527256  8.432100
1.543921  8.441100
1.560587  8.444100
1.577251  8.445100

0.000000  9.434100
0.014434  9.436100
0.028868  9.442100
0.043301  9.429100
0.057735  9.320100
0.072169  9.209100
0.086602  9.110100
0.101036  9.034100
0.115470  8.987100
0.129904  8.967100
0.144338  8.968100
0.158771  8.984100
0.173205  9.010100
0.187639  9.043100
0.202072  9.081100
0.216506  9.121100
0.230940  9.163100
0.245374  9.203100
0.259808  9.241100
0.274242  9.274100
0.288675  9.299100
0.303109  9.313100
0.317542  9.313100
0.331976  9.297100
0.346410  9.265100
0.360844  9.221100
0.375278  9.174100
0.389712  9.139100
0.404145  9.133100
0.418579  9.163100
0.433013  9.223100
0.447446  9.301100
0.461880  9.390100
0.476314  9.480100
0.490748  9.549100
0.505182  9.530100
0.519615  9.669100
0.534049  9.830100
0.548483  9.940100
0.562916  9.994100
0.577350  10.012100
0.585683  9.994100
0.594015  9.951100
0.602348  9.893100
0.610680  9.825100
0.619013  9.751100
0.627346  9.673100
0.635677  9.592100
0.644011  9.511100
0.652343  9.430100
0.660676  9.351100
0.669008  9.277100
0.677340  9.208100
0.685673  9.147100
0.694005  9.095100
0.702338  9.054100
0.710670  9.024100
0.719003  9.005100
0.727335  8.995100
0.735667  8.993100
0.744000  8.997100
0.752333  9.004100
0.760666  9.013100
0.768998  9.023100
0.777331  9.033100
0.785663  9.048100
0.793995  9.083100
0.802328  9.125100
0.810660  9.170100
0.818993  9.217100
0.827325  9.266100
0.835658  9.317100
0.843990  9.371100
0.852324  9.426100
0.860655  9.484100
0.868988  9.544100
0.877321  9.605100
0.885652  9.669100
0.893986  9.734100
0.902318  9.800100
0.910651  9.851100
0.927316  9.810100
0.943981  9.856100
0.960646  9.915100
0.977311  9.956100
0.993976  9.966100
1.010641  9.941100
1.027306  9.875100
1.043971  9.749100
1.060636  9.601100
1.077301  9.473100
1.093966  9.394100
1.110631  9.362100
1.127296  9.288100
1.143961  9.179100
1.160626  9.080100
1.177291  9.034100
1.193957  9.072100
1.210621  9.155100
1.227286  9.247100
1.243951  9.323100
1.260616  9.350100
1.277281  9.330100
1.293947  9.290100
1.310611  9.245100
1.327276  9.197100
1.343941  9.149100
1.360606  9.102100
1.377271  9.058100
1.393937  9.019100
1.410601  8.987100
1.427266  8.966100
1.443931  8.962100
1.460597  8.983100
1.477261  9.039100
1.493926  9.132100
1.510591  9.252100
1.527256  9.382100
1.543921  9.445100
1.560587  9.437100
1.577251  9.434100

0.000000  9.623100
0.014434  9.598100
0.028868  9.529100
0.043301  9.456100
0.057735  9.470100
0.072169  9.489100
0.086602  9.513100
0.101036  9.542100
0.115470  9.575100
0.129904  9.613100
0.144338  9.656100
0.158771  9.703100
0.173205  9.754100
0.187639  9.811100
0.202072  9.871100
0.216506  9.936100
0.230940  10.005100
0.245374  10.075100
0.259808  10.131100
0.274242  10.152100
0.288675  10.170100
0.303109  10.162100
0.317542  10.113100
0.331976  10.071100
0.346410  10.045100
0.360844  10.035100
0.375278  10.043100
0.389712  10.067100
0.404145  10.106100
0.418579  10.156100
0.433013  10.169100
0.447446  10.160100
0.461880  10.151100
0.476314  10.024100
0.490748  9.851100
0.505182  9.786100
0.519615  9.849100
0.534049  9.946100
0.548483  10.091100
0.562916  10.109100
0.577350  10.108100
0.585683  10.115100
0.594015  10.128100
0.602348  10.139100
0.610680  10.148100
0.619013  10.157100
0.627346  10.164100
0.635677  10.172100
0.644011  10.180100
0.652343  10.188100
0.660676  10.196100
0.669008  10.204100
0.677340  10.213100
0.685673  10.221100
0.694005  10.229100
0.702338  10.236100
0.710670  10.241100
0.719003  10.245100
0.727335  10.247100
0.735667  10.246100
0.744000  10.242100
0.752333  10.235100
0.760666  10.226100
0.768998  10.215100
0.777331  10.206100
0.785663  10.200100
0.793995  10.198100
0.802328  10.202100
0.810660  10.212100
0.818993  10.229100
0.827325  10.250100
0.835658  10.275100
0.843990  10.299100
0.852324  10.317100
0.860655  10.319100
0.868988  10.293100
0.877321  10.233100
0.885652  10.150100
0.893986  10.054100
0.902318  9.960100
0.910651  9.895100
0.927316  10.020100
0.943981  10.170100
0.960646  10.323100
0.977311  10.418100
0.993976  10.300100
1.010641  10.140100
1.027306  9.986100
1.043971  9.873100
1.060636  9.776100
1.077301  9.672100
1.093966  9.564100
1.110631  9.468100
1.127296  9.450100
1.143961  9.477100
1.160626  9.504100
1.177291  9.522100
1.193957  9.528100
1.210621  9.523100
1.227286  9.510100
1.243951  9.503100
1.260616  9.532100
1.277281  9.595100
1.293947  9.658100
1.310611  9.706100
1.327276  9.735100
1.343941  9.743100
1.360606  9.736100
1.377271  9.716100
1.393937  9.688100
1.410601  9.656100
1.427266  9.622100
1.443931  9.589100
1.460597  9.557100
1.477261  9.527100
1.493926  9.501100
1.510591  9.478100
1.527256  9.459100
1.543921  9.501100
1.560587  9.589100
1.577251  9.623100

0.000000  9.623100
0.014434  9.625100
0.028868  9.634100
0.043301  9.647100
0.057735  9.666100
0.072169  9.689100
0.086602  9.716100
0.101036  9.747100
0.115470  9.781100
0.129904  9.818100
0.144338  9.856100
0.158771  9.895100
0.173205  9.934100
0.187639  9.972100
0.202072  10.009100
0.216506  10.044100
0.230940  10.077100
0.245374  10.105100
0.259808  10.143100
0.274242  10.194100
0.288675  10.200100
0.303109  10.183100
0.317542  10.193100
0.331976  10.198100
0.346410  10.201100
0.360844  10.201100
0.375278  10.198100
0.389712  10.193100
0.404145  10.186100
0.418579  10.178100
0.433013  10.206100
0.447446  10.233100
0.461880  10.177100
0.476314  10.142100
0.490748  10.134100
0.505182  10.127100
0.519615  10.120100
0.534049  10.115100
0.548483  10.111100
0.562916  10.274100
0.577350  10.444100
0.585683  10.446100
0.594015  10.448100
0.602348  10.453100
0.610680  10.458100
0.619013  10.465100
0.627346  10.472100
0.635677  10.481100
0.644011  10.491100
0.652343  10.502100
0.660676  10.514100
0.669008  10.526100
0.677340  10.539100
0.685673  10.551100
0.694005  10.564100
0.702338  10.575100
0.710670  10.585100
0.719003  10.593100
0.727335  10.600100
0.735667  10.606100
0.744000  10.611100
0.752333  10.616100
0.760666  10.622100
0.768998  10.629100
0.777331  10.638100
0.785663  10.649100
0.793995  10.661100
0.802328  10.673100
0.810660  10.685100
0.818993  10.695100
0.827325  10.701100
0.835658  10.701100
0.843990  10.692100
0.852324  10.674100
0.860655  10.652100
0.868988  10.638100
0.877321  10.640100
0.885652  10.656100
0.893986  10.674100
0.902318  10.689100
0.910651  10.694100
0.927316  10.674100
0.943981  10.625100
0.960646  10.559100
0.977311  10.525100
0.993976  10.664100
1.010641  10.777100
1.027306  10.805100
1.043971  10.792100
1.060636  10.738100
1.077301  10.670100
1.093966  10.603100
1.110631  10.539100
1.127296  10.478100
1.143961  10.420100
1.160626  10.369100
1.177291  10.330100
1.193957  10.307100
1.210621  10.300100
1.227286  10.309100
1.243951  10.329100
1.260616  10.353100
1.277281  10.372100
1.293947  10.375100
1.310611  10.346100
1.327276  10.290100
1.343941  10.224100
1.360606  10.158100
1.377271  10.092100
1.393937  10.028100
1.410601  9.965100
1.427266  9.906100
1.443931  9.850100
1.460597  9.799100
1.477261  9.754100
1.493926  9.714100
1.510591  9.681100
1.527256  9.656100
1.543921  9.637100
1.560587  9.626100
1.577251  9.623100

0.000000  10.317100
0.014434  10.332100
0.028868  10.369100
0.043301  10.418100
0.057735  10.469100
0.072169  10.519100
0.086602  10.564100
0.101036  10.604100
0.115470  10.638100
0.129904  10.666100
0.144338  10.687100
0.158771  10.701100
0.173205  10.705100
0.187639  10.699100
0.202072  10.680100
0.216506  10.647100
0.230940  10.600100
0.245374  10.543100
0.259808  10.483100
0.274242  10.438100
0.288675  10.444100
0.303109  10.503100
0.317542  10.587100
0.331976  10.679100
0.346410  10.774100
0.360844  10.867100
0.375278  10.949100
0.389712  11.006100
0.404145  11.012100
0.418579  10.945100
0.433013  10.813100
0.447446  10.668100
0.461880  10.593100
0.476314  10.616100
0.490748  10.680100
0.505182  10.753100
0.519615  10.821100
0.534049  10.872100
0.548483  10.859100
0.562916  10.678100
0.577350  10.503100
0.585683  10.509100
0.594015  10.527100
0.602348  10.554100
0.610680  10.586100
0.619013  10.620100
0.627346  10.654100
0.635677  10.688100
0.644011  10.721100
0.652343  10.753100
0.660676  10.784100
0.669008  10.814100
0.677340  10.843100
0.685673  10.872100
0.694005  10.900100
0.702338  10.928100
0.710670  10.955100
0.719003  10.982100
0.727335  11.008100
0.735667  11.034100
0.744000  11.060100
0.752333  11.086100
0.760666  11.114100
0.768998  11.143100
0.777331  11.174100
0.785663  11.206100
0.793995  11.239100
0.802328  11.269100
0.810660  11.293100
0.818993  11.299100
0.827325  11.272100
0.835658  11.216100
0.843990  11.147100
0.852324  11.082100
0.860655  11.031100
0.868988  10.995100
0.877321  10.970100
0.885652  10.952100
0.893986  10.940100
0.902318  10.933100
0.910651  10.931100
0.927316  10.931100
0.943981  10.908100
0.960646  10.851100
0.977311  10.799100
0.993976  10.788100
1.010641  10.845100
1.027306  10.943100
1.043971  10.962100
1.060636  10.950100
1.077301  10.935100
1.093966  10.924100
1.110631  10.928100
1.127296  10.957100
1.143961  11.010100
1.160626  11.074100
1.177291  11.123100
1.193957  11.120100
1.210621  11.060100
1.227286  10.966100
1.243951  10.863100
1.260616  10.762100
1.277281  10.674100
1.293947  10.614100
1.310611  10.596100
1.327276  10.613100
1.343941  10.643100
1.360606  10.674100
1.377271  10.696100
1.393937  10.708100
1.410601  10.707100
1.427266  10.695100
1.443931  10.672100
1.460597  10.641100
1.477261  10.601100
1.493926  10.554100
1.510591  10.500100
1.527256  10.442100
1.543921  10.383100
1.560587  10.336100
1.577251  10.317100

0.000000  12.458100
0.014434  12.462100
0.028868  12.475100
0.043301  12.495100
0.057735  12.519100
0.072169  12.544100
0.086602  12.568100
0.101036  12.586100
0.115470  12.592100
0.129904  12.577100
0.144338  12.530100
0.158771  12.448100
0.173205  12.340100
0.187639  12.218100
0.202072  12.095100
0.216506  11.977100
0.230940  11.871100
0.245374  11.776100
0.259808  11.692100
0.274242  11.617100
0.288675  11.547100
0.303109  11.482100
0.317542  11.423100
0.331976  11.373100
0.346410  11.336100
0.360844  11.314100
0.375278  11.312100
0.389712  11.329100
0.404145  11.362100
0.418579  11.399100
0.433013  11.435100
0.447446  11.472100
0.461880  11.510100
0.476314  11.545100
0.490748  11.575100
0.505182  11.560100
0.519615  11.338100
0.534049  11.122100
0.548483  10.957100
0.562916  10.950100
0.577350  10.953100
0.585683  10.954100
0.594015  10.956100
0.602348  10.959100
0.610680  10.964100
0.619013  10.969100
0.627346  10.976100
0.635677  10.984100
0.644011  10.992100
0.652343  11.002100
0.660676  11.012100
0.669008  11.022100
0.677340  11.033100
0.685673  11.044100
0.694005  11.055100
0.702338  11.067100
0.710670  11.080100
0.719003  11.093100
0.727335  11.109100
0.735667  11.128100
0.744000  11.149100
0.752333  11.172100
0.760666  11.198100
0.768998  11.226100
0.777331  11.255100
0.785663  11.284100
0.793995  11.313100
0.802328  11.341100
0.810660  11.369100
0.818993  11.397100
0.827325  11.427100
0.835658  11.459100
0.843990  11.491100
0.852324  11.523100
0.860655  11.554100
0.868988  11.584100
0.877321  11.613100
0.885652  11.643100
0.893986  11.671100
0.902318  11.696100
0.910651  11.709100
0.927316  11.660100
0.943981  11.593100
0.960646  11.547100
0.977311  11.492100
0.993976  11.400100
1.010641  11.299100
1.027306  11.257100
1.043971  11.338100
1.060636  11.469100
1.077301  11.573100
1.093966  11.639100
1.110631  11.687100
1.127296  11.727100
1.143961  11.761100
1.160626  11.777100
1.177291  11.739100
1.193957  11.725100
1.210621  11.754100
1.227286  11.790100
1.243951  11.818100
1.260616  11.844100
1.277281  11.871100
1.293947  11.904100
1.310611  11.945100
1.327276  11.997100
1.343941  12.063100
1.360606  12.143100
1.377271  12.238100
1.393937  12.340100
1.410601  12.441100
1.427266  12.524100
1.443931  12.575100
1.460597  12.593100
1.477261  12.585100
1.493926  12.563100
1.510591  12.535100
1.527256  12.506100
1.543921  12.481100
1.560587  12.464100
1.577251  12.458100

0.000000  13.167100
0.014434  13.168100
0.028868  13.173100
0.043301  13.179100
0.057735  13.183100
0.072169  13.182100
0.086602  13.172100
0.101036  13.149100
0.115470  13.115100
0.129904  13.077100
0.144338  13.046100
0.158771  13.035100
0.173205  13.041100
0.187639  13.061100
0.202072  13.088100
0.216506  13.116100
0.230940  13.138100
0.245374  13.142100
0.259808  13.115100
0.274242  13.054100
0.288675  12.974100
0.303109  12.888100
0.317542  12.795100
0.331976  12.688100
0.346410  12.551100
0.360844  12.380100
0.375278  12.188100
0.389712  12.003100
0.404145  11.862100
0.418579  11.807100
0.433013  11.837100
0.447446  11.918100
0.461880  12.009100
0.476314  11.983100
0.490748  11.783100
0.505182  11.600100
0.519615  11.622100
0.534049  11.643100
0.548483  11.667100
0.562916  11.689100
0.577350  11.699100
0.585683  11.700100
0.594015  11.705100
0.602348  11.714100
0.610680  11.725100
0.619013  11.738100
0.627346  11.752100
0.635677  11.768100
0.644011  11.784100
0.652343  11.800100
0.660676  11.814100
0.669008  11.827100
0.677340  11.838100
0.685673  11.845100
0.694005  11.848100
0.702338  11.848100
0.710670  11.843100
0.719003  11.837100
0.727335  11.829100
0.735667  11.822100
0.744000  11.818100
0.752333  11.817100
0.760666  11.817100
0.768998  11.818100
0.777331  11.815100
0.785663  11.804100
0.793995  11.778100
0.802328  11.734100
0.810660  11.679100
0.818993  11.628100
0.827325  11.600100
0.835658  11.601100
0.843990  11.621100
0.852324  11.651100
0.860655  11.684100
0.868988  11.717100
0.877321  11.747100
0.885652  11.770100
0.893986  11.783100
0.902318  11.783100
0.910651  11.779100
0.927316  11.803100
0.943981  11.817100
0.960646  11.786100
0.977311  11.735100
0.993976  11.703100
1.010641  11.689100
1.027306  11.685100
1.043971  11.701100
1.060636  11.757100
1.077301  11.877100
1.093966  12.042100
1.110631  12.167100
1.127296  12.100100
1.143961  11.973100
1.160626  11.870100
1.177291  11.863100
1.193957  11.906100
1.210621  11.984100
1.227286  12.107100
1.243951  12.267100
1.260616  12.447100
1.277281  12.640100
1.293947  12.839100
1.310611  13.040100
1.327276  13.230100
1.343941  13.283100
1.360606  13.228100
1.377271  13.172100
1.393937  13.125100
1.410601  13.094100
1.427266  13.084100
1.443931  13.097100
1.460597  13.128100
1.477261  13.158100
1.493926  13.177100
1.510591  13.184100
1.527256  13.181100
1.543921  13.175100
1.560587  13.169100
1.577251  13.167100

0.000000  15.122100
0.014434  15.126100
0.028868  15.138100
0.043301  15.147100
0.057735  15.059100
0.072169  14.867100
0.086602  14.676100
0.101036  14.503100
0.115470  14.353100
0.129904  14.228100
0.144338  14.125100
0.158771  14.038100
0.173205  13.958100
0.187639  13.878100
0.202072  13.794100
0.216506  13.705100
0.230940  13.619100
0.245374  13.547100
0.259808  13.509100
0.274242  13.508100
0.288675  13.531100
0.303109  13.554100
0.317542  13.537100
0.331976  13.426100
0.346410  13.288100
0.360844  13.186100
0.375278  13.124100
0.389712  13.088100
0.404145  13.062100
0.418579  13.003100
0.433013  12.787100
0.447446  12.547100
0.461880  12.324100
0.476314  12.233100
0.490748  12.313100
0.505182  12.383100
0.519615  12.383100
0.534049  12.336100
0.548483  12.278100
0.562916  12.233100
0.577350  12.215100
0.585683  12.215100
0.594015  12.216100
0.602348  12.218100
0.610680  12.221100
0.619013  12.224100
0.627346  12.226100
0.635677  12.228100
0.644011  12.230100
0.652343  12.229100
0.660676  12.227100
0.669008  12.224100
0.677340  12.218100
0.685673  12.212100
0.694005  12.205100
0.702338  12.200100
0.710670  12.197100
0.719003  12.197100
0.727335  12.200100
0.735667  12.205100
0.744000  12.210100
0.752333  12.214100
0.760666  12.215100
0.768998  12.210100
0.777331  12.199100
0.785663  12.182100
0.793995  12.168100
0.802328  12.163100
0.810660  12.171100
0.818993  12.189100
0.827325  12.215100
0.835658  12.242100
0.843990  12.269100
0.852324  12.287100
0.860655  12.289100
0.868988  12.276100
0.877321  12.260100
0.885652  12.248100
0.893986  12.240100
0.902318  12.235100
0.910651  12.232100
0.927316  12.248100
0.943981  12.279100
0.960646  12.311100
0.977311  12.360100
0.993976  12.407100
1.010641  12.417100
1.027306  12.399100
1.043971  12.380100
1.060636  12.379100
1.077301  12.400100
1.093966  12.416100
1.110631  12.410100
1.127296  12.553100
1.143961  12.752100
1.160626  12.925100
1.177291  13.060100
1.193957  13.173100
1.210621  13.271100
1.227286  13.358100
1.243951  13.433100
1.260616  13.490100
1.277281  13.516100
1.293947  13.501100
1.310611  13.453100
1.327276  13.402100
1.343941  13.485100
1.360606  13.681100
1.377271  13.882100
1.393937  14.067100
1.410601  14.187100
1.427266  14.264100
1.443931  14.345100
1.460597  14.453100
1.477261  14.594100
1.493926  14.770100
1.510591  14.974100
1.527256  15.144100
1.543921  15.143100
1.560587  15.128100
1.577251  15.122100

0.000000  15.837100
0.014434  15.726100
0.028868  15.529100
0.043301  15.327100
0.057735  15.229100
0.072169  15.246100
0.086602  15.273100
0.101036  15.293100
0.115470  15.300100
0.129904  15.287100
0.144338  15.252100
0.158771  15.198100
0.173205  15.131100
0.187639  15.055100
0.202072  14.979100
0.216506  14.907100
0.230940  14.839100
0.245374  14.770100
0.259808  14.674100
0.274242  14.508100
0.288675  14.280100
0.303109  14.045100
0.317542  13.867100
0.331976  13.816100
0.346410  13.840100
0.360844  13.874100
0.375278  13.806100
0.389712  13.571100
0.404145  13.318100
0.418579  13.100100
0.433013  13.035100
0.447446  12.987100
0.461880  12.924100
0.476314  12.848100
0.490748  12.777100
0.505182  12.748100
0.519615  12.796100
0.534049  12.873100
0.548483  12.894100
0.562916  12.874100
0.577350  12.864100
0.585683  12.864100
0.594015  12.866100
0.602348  12.869100
0.610680  12.874100
0.619013  12.879100
0.627346  12.884100
0.635677  12.891100
0.644011  12.897100
0.652343  12.903100
0.660676  12.907100
0.669008  12.909100
0.677340  12.908100
0.685673  12.903100
0.694005  12.892100
0.702338  12.878100
0.710670  12.862100
0.719003  12.846100
0.727335  12.828100
0.735667  12.807100
0.744000  12.781100
0.752333  12.749100
0.760666  12.709100
0.768998  12.666100
0.777331  12.623100
0.785663  12.587100
0.793995  12.559100
0.802328  12.536100
0.810660  12.515100
0.818993  12.491100
0.827325  12.462100
0.835658  12.430100
0.843990  12.397100
0.852324  12.368100
0.860655  12.351100
0.868988  12.342100
0.877321  12.327100
0.885652  12.304100
0.893986  12.279100
0.902318  12.262100
0.910651  12.257100
0.927316  12.266100
0.943981  12.292100
0.960646  12.350100
0.977311  12.421100
0.993976  12.498100
1.010641  12.595100
1.027306  12.714100
1.043971  12.827100
1.060636  12.847100
1.077301  12.744100
1.093966  12.649100
1.110631  12.674100
1.127296  12.780100
1.143961  12.928100
1.160626  13.124100
1.177291  13.362100
1.193957  13.619100
1.210621  13.881100
1.227286  14.094100
1.243951  14.061100
1.260616  13.987100
1.277281  13.933100
1.293947  13.921100
1.310611  13.949100
1.327276  13.996100
1.343941  14.052100
1.360606  14.109100
1.377271  14.167100
1.393937  14.242100
1.410601  14.385100
1.427266  14.580100
1.443931  14.784100
1.460597  14.976100
1.477261  15.125100
1.493926  15.198100
1.510591  15.207100
1.527256  15.246100
1.543921  15.465100
1.560587  15.697100
1.577251  15.837100

0.000000  16.142100
0.014434  16.128100
0.028868  16.087100
0.043301  16.024100
0.057735  15.945100
0.072169  15.856100
0.086602  15.763100
0.101036  15.668100
0.115470  15.575100
0.129904  15.486100
0.144338  15.402100
0.158771  15.325100
0.173205  15.255100
0.187639  15.193100
0.202072  15.139100
0.216506  15.093100
0.230940  15.055100
0.245374  15.024100
0.259808  15.000100
0.274242  14.937100
0.288675  14.878100
0.303109  14.849100
0.317542  14.798100
0.331976  14.628100
0.346410  14.390100
0.360844  14.145100
0.375278  13.999100
0.389712  14.014100
0.404145  14.035100
0.418579  14.021100
0.433013  13.953100
0.447446  13.849100
0.461880  13.733100
0.476314  13.607100
0.490748  13.472100
0.505182  13.338100
0.519615  13.224100
0.534049  13.163100
0.548483  13.210100
0.562916  13.329100
0.577350  13.410100
0.585683  13.409100
0.594015  13.406100
0.602348  13.400100
0.610680  13.392100
0.619013  13.379100
0.627346  13.360100
0.635677  13.335100
0.644011  13.302100
0.652343  13.262100
0.660676  13.218100
0.669008  13.174100
0.677340  13.134100
0.685673  13.102100
0.694005  13.080100
0.702338  13.067100
0.710670  13.060100
0.719003  13.058100
0.727335  13.058100
0.735667  13.060100
0.744000  13.063100
0.752333  13.067100
0.760666  13.073100
0.768998  13.077100
0.777331  13.075100
0.785663  13.058100
0.793995  13.021100
0.802328  12.978100
0.810660  12.937100
0.818993  12.907100
0.827325  12.887100
0.835658  12.878100
0.843990  12.876100
0.852324  12.876100
0.860655  12.876100
0.868988  12.877100
0.877321  12.883100
0.885652  12.898100
0.893986  12.919100
0.902318  12.940100
0.910651  12.950100
0.927316  12.909100
0.943981  12.852100
0.960646  12.829100
0.977311  12.835100
0.993976  12.874100
1.010641  12.959100
1.027306  13.078100
1.043971  13.184100
1.060636  13.193100
1.077301  13.306100
1.093966  13.448100
1.110631  13.553100
1.127296  13.624100
1.143961  13.694100
1.160626  13.783100
1.177291  13.895100
1.193957  14.022100
1.210621  14.130100
1.227286  14.191100
1.243951  14.397100
1.260616  14.586100
1.277281  14.741100
1.293947  14.886100
1.310611  15.028100
1.327276  15.160100
1.343941  15.274100
1.360606  15.372100
1.377271  15.455100
1.393937  15.521100
1.410601  15.565100
1.427266  15.582100
1.443931  15.579100
1.460597  15.573100
1.477261  15.595100
1.493926  15.681100
1.510591  15.816100
1.527256  15.953100
1.543921  16.060100
1.560587  16.122100
1.577251  16.142100

0.000000  16.142100
0.014434  16.237100
0.028868  16.373100
0.043301  16.449100
0.057735  16.448100
0.072169  16.406100
0.086602  16.350100
0.101036  16.293100
0.115470  16.243100
0.129904  16.198100
0.144338  16.152100
0.158771  16.093100
0.173205  16.011100
0.187639  15.905100
0.202072  15.780100
0.216506  15.635100
0.230940  15.464100
0.245374  15.266100
0.259808  15.069100
0.274242  14.982100
0.288675  14.968100
0.303109  14.958100
0.317542  14.949100
0.331976  14.942100
0.346410  14.934100
0.360844  14.925100
0.375278  14.821100
0.389712  14.661100
0.404145  14.498100
0.418579  14.363100
0.433013  14.270100
0.447446  14.191100
0.461880  14.110100
0.476314  14.046100
0.490748  14.010100
0.505182  13.995100
0.519615  13.979100
0.534049  13.936100
0.548483  13.847100
0.562916  13.725100
0.577350  13.645100
0.585683  13.647100
0.594015  13.655100
0.602348  13.666100
0.610680  13.682100
0.619013  13.701100
0.627346  13.723100
0.635677  13.744100
0.644011  13.764100
0.652343  13.779100
0.660676  13.789100
0.669008  13.795100
0.677340  13.799100
0.685673  13.803100
0.694005  13.806100
0.702338  13.806100
0.710670  13.800100
0.719003  13.779100
0.727335  13.736100
0.735667  13.670100
0.744000  13.587100
0.752333  13.497100
0.760666  13.409100
0.768998  13.329100
0.777331  13.263100
0.785663  13.221100
0.793995  13.206100
0.802328  13.206100
0.810660  13.209100
0.818993  13.208100
0.827325  13.199100
0.835658  13.182100
0.843990  13.156100
0.852324  13.130100
0.860655  13.112100
0.868988  13.106100
0.877321  13.113100
0.885652  13.130100
0.893986  13.150100
0.902318  13.167100
0.910651  13.172100
0.927316  13.188100
0.943981  13.237100
0.960646  13.294100
0.977311  13.364100
0.993976  13.437100
1.010641  13.452100
1.027306  13.359100
1.043971  13.269100
1.060636  13.368100
1.077301  13.487100
1.093966  13.599100
1.110631  13.738100
1.127296  13.905100
1.143961  14.071100
1.160626  14.219100
1.177291  14.340100
1.193957  14.437100
1.210621  14.517100
1.227286  14.596100
1.243951  14.748100
1.260616  14.917100
1.277281  15.087100
1.293947  15.242100
1.310611  15.383100
1.327276  15.527100
1.343941  15.688100
1.360606  15.864100
1.377271  16.037100
1.393937  16.184100
1.410601  16.305100
1.427266  16.411100
1.443931  16.506100
1.460597  16.576100
1.477261  16.611100
1.493926  16.610100
1.510591  16.581100
1.527256  16.525100
1.543921  16.419100
1.560587  16.260100
1.577251  16.142100

0.000000  16.812100
0.014434  16.811100
0.028868  16.824100
0.043301  16.882100
0.057735  16.993100
0.072169  17.118100
0.086602  17.215100
0.101036  17.234100
0.115470  17.163100
0.129904  17.046100
0.144338  16.921100
0.158771  16.813100
0.173205  16.733100
0.187639  16.663100
0.202072  16.527100
0.216506  16.282100
0.230940  16.032100
0.245374  15.820100
0.259808  15.646100
0.274242  15.490100
0.288675  15.332100
0.303109  15.159100
0.317542  14.999100
0.331976  14.944100
0.346410  14.945100
0.360844  14.927100
0.375278  14.915100
0.389712  14.904100
0.404145  14.891100
0.418579  14.861100
0.433013  14.725100
0.447446  14.632100
0.461880  14.588100
0.476314  14.571100
0.490748  14.561100
0.505182  14.540100
0.519615  14.490100
0.534049  14.418100
0.548483  14.364100
0.562916  14.341100
0.577350  14.335100
0.585683  14.333100
0.594015  14.324100
0.602348  14.306100
0.610680  14.273100
0.619013  14.221100
0.627346  14.161100
0.635677  14.105100
0.644011  14.062100
0.652343  14.037100
0.660676  14.031100
0.669008  14.041100
0.677340  14.061100
0.685673  14.086100
0.694005  14.110100
0.702338  14.121100
0.710670  14.107100
0.719003  14.080100
0.727335  14.057100
0.735667  14.041100
0.744000  14.019100
0.752333  13.982100
0.760666  13.943100
0.768998  13.909100
0.777331  13.882100
0.785663  13.862100
0.793995  13.846100
0.802328  13.832100
0.810660  13.817100
0.818993  13.799100
0.827325  13.778100
0.835658  13.759100
0.843990  13.743100
0.852324  13.725100
0.860655  13.697100
0.868988  13.645100
0.877321  13.572100
0.885652  13.488100
0.893986  13.407100
0.902318  13.345100
0.910651  13.323100
0.927316  13.380100
0.943981  13.489100
0.960646  13.607100
0.977311  13.691100
0.993976  13.706100
1.010641  13.712100
1.027306  13.778100
1.043971  13.844100
1.060636  13.902100
1.077301  13.975100
1.093966  14.081100
1.110631  14.219100
1.127296  14.375100
1.143961  14.540100
1.160626  14.686100
1.177291  14.701100
1.193957  14.612100
1.210621  14.560100
1.227286  14.628100
1.243951  14.756100
1.260616  14.963100
1.277281  15.224100
1.293947  15.511100
1.310611  15.803100
1.327276  16.081100
1.343941  16.308100
1.360606  16.455100
1.377271  16.563100
1.393937  16.695100
1.410601  16.869100
1.427266  17.050100
1.443931  17.175100
1.460597  17.206100
1.477261  17.170100
1.493926  17.089100
1.510591  16.989100
1.527256  16.892100
1.543921  16.829100
1.560587  16.812100
1.577251  16.812100

0.000000  17.692100
0.014434  17.674100
0.028868  17.637100
0.043301  17.600100
0.057735  17.569100
0.072169  17.541100
0.086602  17.522100
0.101036  17.543100
0.115470  17.606100
0.129904  17.672100
0.144338  17.705100
0.158771  17.608100
0.173205  17.327100
0.187639  17.028100
0.202072  16.817100
0.216506  16.736100
0.230940  16.676100
0.245374  16.572100
0.259808  16.400100
0.274242  16.184100
0.288675  15.959100
0.303109  15.752100
0.317542  15.570100
0.331976  15.409100
0.346410  15.261100
0.360844  15.145100
0.375278  15.109100
0.389712  15.096100
0.404145  15.007100
0.418579  14.877100
0.433013  14.862100
0.447446  14.847100
0.461880  14.832100
0.476314  14.817100
0.490748  14.804100
0.505182  14.792100
0.519615  14.782100
0.534049  14.749100
0.548483  14.738100
0.562916  14.739100
0.577350  14.741100
0.585683  14.680100
0.594015  14.603100
0.602348  14.528100
0.610680  14.466100
0.619013  14.424100
0.627346  14.399100
0.635677  14.380100
0.644011  14.364100
0.652343  14.348100
0.660676  14.330100
0.669008  14.309100
0.677340  14.284100
0.685673  14.257100
0.694005  14.229100
0.702338  14.211100
0.710670  14.214100
0.719003  14.222100
0.727335  14.204100
0.735667  14.154100
0.744000  14.117100
0.752333  14.112100
0.760666  14.123100
0.768998  14.140100
0.777331  14.157100
0.785663  14.167100
0.793995  14.165100
0.802328  14.146100
0.810660  14.118100
0.818993  14.089100
0.827325  14.067100
0.835658  14.050100
0.843990  14.033100
0.852324  14.009100
0.860655  13.980100
0.868988  13.960100
0.877321  13.956100
0.885652  13.963100
0.893986  13.973100
0.902318  13.980100
0.910651  13.983100
0.927316  13.972100
0.943981  13.947100
0.960646  13.934100
0.977311  13.968100
0.993976  14.006100
1.010641  13.990100
1.027306  14.030100
1.043971  14.138100
1.060636  14.298100
1.077301  14.486100
1.093966  14.690100
1.110631  14.905100
1.127296  15.127100
1.143961  15.076100
1.160626  14.978100
1.177291  15.027100
1.193957  15.209100
1.210621  15.417100
1.227286  15.618100
1.243951  15.793100
1.260616  15.942100
1.277281  16.086100
1.293947  16.249100
1.310611  16.438100
1.327276  16.644100
1.343941  16.839100
1.360606  17.058100
1.377271  17.298100
1.393937  17.457100
1.410601  17.497100
1.427266  17.511100
1.443931  17.557100
1.460597  17.550100
1.477261  17.510100
1.493926  17.512100
1.510591  17.541100
1.527256  17.580100
1.543921  17.624100
1.560587  17.669100
1.577251  17.692100

0.000000  18.011100
0.014434  18.029100
0.028868  18.079100
0.043301  18.155100
0.057735  18.243100
0.072169  18.323100
0.086602  18.324100
0.101036  18.238100
0.115470  18.156100
0.129904  18.081100
0.144338  17.960100
0.158771  17.815100
0.173205  17.768100
0.187639  17.720100
0.202072  17.640100
0.216506  17.512100
0.230940  17.349100
0.245374  17.203100
0.259808  17.117100
0.274242  17.069100
0.288675  16.957100
0.303109  16.709100
0.317542  16.440100
0.331976  16.181100
0.346410  15.939100
0.360844  15.718100
0.375278  15.523100
0.389712  15.375100
0.404145  15.331100
0.418579  15.360100
0.433013  15.400100
0.447446  15.411100
0.461880  15.354100
0.476314  15.224100
0.490748  15.061100
0.505182  14.906100
0.519615  14.797100
0.534049  14.774100
0.548483  14.768100
0.562916  14.764100
0.577350  14.763100
0.585683  14.811100
0.594015  14.855100
0.602348  14.887100
0.610680  14.910100
0.619013  14.927100
0.627346  14.940100
0.635677  14.950100
0.644011  14.957100
0.652343  14.961100
0.660676  14.961100
0.669008  14.954100
0.677340  14.931100
0.685673  14.873100
0.694005  14.768100
0.702338  14.639100
0.710670  14.512100
0.719003  14.405100
0.727335  14.346100
0.735667  14.343100
0.744000  14.360100
0.752333  14.378100
0.760666  14.395100
0.768998  14.406100
0.777331  14.411100
0.785663  14.411100
0.793995  14.411100
0.802328  14.420100
0.810660  14.439100
0.818993  14.465100
0.827325  14.494100
0.835658  14.489100
0.843990  14.406100
0.852324  14.338100
0.860655  14.301100
0.868988  14.290100
0.877321  14.297100
0.885652  14.312100
0.893986  14.332100
0.902318  14.348100
0.910651  14.356100
0.927316  14.324100
0.943981  14.255100
0.960646  14.176100
0.977311  14.095100
0.993976  14.098100
1.010641  14.245100
1.027306  14.413100
1.043971  14.588100
1.060636  14.761100
1.077301  14.921100
1.093966  15.055100
1.110631  15.147100
1.127296  15.164100
1.143961  15.353100
1.160626  15.533100
1.177291  15.651100
1.193957  15.782100
1.210621  15.925100
1.227286  16.082100
1.243951  16.263100
1.260616  16.468100
1.277281  16.666100
1.293947  16.805100
1.310611  16.872100
1.327276  16.938100
1.343941  17.090100
1.360606  17.330100
1.377271  17.591100
1.393937  17.830100
1.410601  17.976100
1.427266  17.879100
1.443931  17.773100
1.460597  17.828100
1.477261  17.997100
1.493926  18.146100
1.510591  18.214100
1.527256  18.185100
1.543921  18.103100
1.560587  18.035100
1.577251  18.011100

