1111952610
1307573229
1307573646
1307574071
1315516139
1320889072
1320889087
1495414316
1509794377
1509794397
1509794417
1735347453
1778013554
1817919406
1817919426
1817919440
1817919453
1817919466
1817919483
1817919500
1821957897
1821958055
1821958083
1821958113
1821958205
1821958249
1821958281
1821958355
1839423790
193245540
195982531
2200492994
2206267717
2206267738
2425570765
2493248319
2502680356
2502680722
2502681211
2502681231
2502682975
2502684091
2502684111
2502684131
2554165713
2621111504
2621111525
2621111548
2621111597
2621111623
2621111676
2621111707
2621111732
2621111767
2621111796
2621111828
2621111877
2621111910
2621111935
2621111964
2621111992
2636206728
2710390081
2710390697
2710391061
2710391229
2710391605
2710391664
2710392722
2710393150
2710393602
2710394005
2710394495
2710395408
3145725496
3152712528
3152712541
3152712566
3152712599
3152712634
3152712655
3152712679
3152712695
3192488505
3192488506
3192488507
3192488508
3192488509
3192488510
3192488511
3192488512
3192488513
3192488514
3192488515
322510446
322511200
322511249
322511281
322511308
322511347
3251329000
325484985
326439148
384254886
384254907
506459080
509141009
560176639
563399740
664802666
701905604
701905650
701905696
761545297
761545313
761545329
948298134
948298257
948298290
952094868
