1111952610
1509794377
1509794397
1509794417
1735347453
1778013554
1817919406
1817919426
1817919440
1817919453
1817919466
1817919483
1817919500
1839423790
2502680356
2502680722
2502681211
2502681231
2502682975
2502684091
2502684111
2502684131
2554165713
2621111504
2621111525
2621111548
2621111597
2621111623
2621111676
2621111707
2621111732
2621111767
2621111796
2621111828
2621111877
2621111910
2621111935
2621111964
2621111992
2636206728
322510446
325484985
326439148
701905650
701905696
948298134
948298290
952094868
