1111952610
1307573229
1307573646
1307574071
1315516139
1320889087
1495414316
1509794377
1509794397
1509794417
1778013554
1817919406
1817919426
1817919440
1817919453
1817919466
1817919483
1817919500
193245540
195982531
2206267717
2502680356
2502680722
2502681211
2502681231
2502682975
2502684091
2502684111
2502684131
2554165713
2621111504
2621111525
2621111548
2621111597
2621111623
2621111676
2621111707
2621111732
2621111767
2621111796
2621111828
2621111877
2621111910
2621111935
2621111964
2621111992
2636206728
3145725496
3152712528
3152712541
3152712566
3152712599
3152712634
3152712655
3152712679
3152712695
3192488505
3192488506
3192488507
3192488508
3192488509
3192488510
3192488511
3192488512
3192488513
3192488514
3192488515
322510446
3251329000
325484985
326439148
384254886
384254907
560176639
563399740
664802666
701905604
701905650
701905696
761545297
761545313
761545329
948298134
948298257
948298290
952094868
