1111952610
1307573229
1307573646
1307574071
1315516139
1320889072
1320889087
1495414316
1509794377
1509794397
1509794417
1735347453
1750927689
1750927707
1750927722
1778013554
1817919406
1817919426
1817919440
1817919453
1817919466
1817919483
1817919500
1821957633
1821957647
1821957662
1821957677
1821957694
1821957708
1821957720
1821957732
1821957746
1821957760
1821957772
1821957784
1821957802
1821957815
1821957897
1821957948
1821957953
1821957958
1821957969
1821958012
1821958020
1821958037
1821958055
1821958065
1821958083
1821958099
1821958113
1821958132
1821958148
1821958191
1821958205
1821958249
1821958281
1821958299
1821958318
1821958338
1821958355
1839423790
1858370786
1858370799
1858370812
193245540
195982531
2050460471
2050466153
2200492994
2206267717
2206267738
2209412367
2209412369
2209412371
2209412373
2209412375
2284660302
2284660304
2284660306
2284660308
2284660310
2316769067
2425570765
2493248319
2500377239
2500377252
2502680356
2502680722
2502681211
2502681231
2502682975
2502684091
2502684111
2502684131
2554165713
2560238935
2560238937
2560238939
2560238941
2560238943
2560238945
2560238947
2560238949
2560238951
2560238953
2560238955
2560238957
2621111504
2621111525
2621111548
2621111597
2621111623
2621111676
2621111707
2621111732
2621111767
2621111796
2621111828
2621111877
2621111910
2621111935
2621111964
2621111992
2636206728
2710388875
2710388885
2710388934
2710388964
2710389001
2710389036
2710389634
2710389673
2710389696
2710389721
2710389737
2710389775
2710389780
2710389815
2710389955
2710390023
2710390076
2710390081
2710390100
2710390223
2710390252
2710390322
2710390407
2710390449
2710390675
2710390697
2710390715
2710390842
2710390962
2710390980
2710390986
2710391061
2710391106
2710391126
2710391141
2710391146
2710391172
2710391211
2710391229
2710391288
2710391350
2710391390
2710391408
2710391427
2710391471
2710391488
2710391600
2710391605
2710391640
2710391664
2710391686
2710391852
2710391885
2710391921
2710391935
2710391960
2710391975
2710392006
2710392013
2710392050
2710392136
2710392164
2710392179
2710392194
2710392242
2710392256
2710392272
2710392284
2710392313
2710392375
2710392420
2710392433
2710392458
2710392486
2710392658
2710392717
2710392722
2710392753
2710392780
2710392785
2710392799
2710392834
2710392921
2710392952
2710392988
2710393001
2710393090
2710393150
2710393167
2710393244
2710393252
2710393314
2710393323
2710393390
2710393402
2710393467
2710393482
2710393535
2710393552
2710393602
2710393641
2710393656
2710393710
2710393789
2710393993
2710394005
2710394036
2710394052
2710394059
2710394086
2710394108
2710394165
2710394190
2710394209
2710394231
2710394266
2710394293
2710394435
2710394446
2710394450
2710394473
2710394495
2710394572
2710394602
2710394762
2710394791
2710394820
2710394844
2710394858
2710394874
2710395144
2710395207
2710395228
2710395238
2710395292
2710395309
2710395354
2710395368
2710395396
2710395408
3145725496
3152712528
3152712541
3152712566
3152712599
3152712634
3152712655
3152712679
3152712695
3192488505
3192488506
3192488507
3192488508
3192488509
3192488510
3192488511
3192488512
3192488513
3192488514
3192488515
322510446
322511200
322511249
322511281
322511308
322511347
3251329000
325484985
326439148
384254886
384254907
506459080
509141009
560176639
563399740
664802666
701905604
701905650
701905696
761545297
761545313
761545329
948298134
948298257
948298290
952094868
